quadrotor_propulsion:
        Psi:  0.007242179827506
        J_M: 2.573048063300000e-5
        R_A: 0.201084219222241
        k_t: 0.015336864714397
        k_m: -7.011631909766668e-5
        alpha_m: 0.104863758313889
        beta_m: 0.549262344777900

        #CT2s: -1.3077e-2
        CT2s:  0.0
        CT1s: -2.5224e-4
        CT0s:  1.538190483976698e-5

        l_m: 0.275
