quadrotor_aerodynamics:
        Psi: 6.7140e-003
        J_M: 5.2553e-5
        R_A: 2.2708e-001

        CT2s: -1.3077e-2
        CT1s: -2.5224e-4
        CT0s:  1.5278e-5

        k_t: 3.1130e-002
        l_m: 0.275

        C_wxy: 0.08
        C_wz: 0.08
        C_mxy: 0.074156208000000
        C_mz: 0.050643264000000
