quadrotor_propulsion:
        Psi: 0.011414863337901
        J_M: 2.737828975392519e-05
        R_A: 0.457191083153431

        CT2s: -1.1115e-2
        CT1s: -2.1508e-4
        CT0s: 1.302716855797593e-05

        k_t: 0.012163478707489
        l_m: 0.275
