quadrotor_propulsion:
        Psi: 0.00564866754
        J_M: 4.142069415e-05
        R_A: 0.3514094502
        k_t: 0.01732804081

        CT2s: -2.3491553043010e-2 
        CT1s: -4.531245193522030e-04
        CT0s:  2.744543453e-05

        l_m: 0.275

